Province_State,Confirmed,Deaths,Recovered,Active,Last_Update,Lat,Long
Alabama,3563,93,0,3470,2020-04-12 23:18:00,32.88428035358209,-86.71012237686571
Alaska,272,8,0,264,2020-04-12 23:18:00,60.52151358545455,-143.86054292727275
Arizona,3542,115,0,3427,2020-04-12 23:18:00,33.675903642,-111.46323212666667
Arkansas,1280,27,0,1253,2020-04-12 23:18:00,34.923073001142846,-92.41604940171426
California,22795,641,0,22154,2020-04-12 23:18:00,37.63926243679244,-120.70562930943395
Colorado,7307,289,0,7018,2020-04-12 23:18:00,38.97137793464285,-105.5646931821428
Connecticut,12035,554,0,11481,2020-04-12 23:18:00,41.61368014,-72.65682967875
Delaware,1625,35,0,1590,2020-04-12 23:18:00,39.10927682333334,-75.53323745666665
Diamond Princess,49,0,0,49,2020-04-12 23:18:00,,
District of Columbia,1875,50,0,1825,2020-04-12 23:18:00,38.90417773,-77.01655992
Florida,19895,461,0,19434,2020-04-12 23:18:00,28.94075487910448,-82.70074390925375
Georgia,12452,433,0,12019,2020-04-12 23:18:00,32.8136274463226,-83.61308625141939
Grand Princess,103,0,0,103,2020-04-12 23:18:00,,
Guam,133,5,0,128,2020-04-12 23:18:00,13.4443,144.7937
Hawaii,499,9,0,490,2020-04-12 23:18:00,20.99064747,-157.41445579999998
Idaho,1407,27,0,1380,2020-04-12 23:18:00,44.05979009545456,-114.56664197575759
Illinois,20852,720,0,20132,2020-04-12 23:18:00,40.04609245453487,-89.19499919523255
Indiana,7928,343,0,7585,2020-04-12 23:18:00,39.83735316565217,-86.21856844913039
Iowa,1587,41,0,1546,2020-04-12 23:18:00,42.072980187654345,-93.28367666777774
Kansas,1344,56,0,1288,2020-04-12 23:18:00,38.41586516809524,-97.34246511396825
Kentucky,1963,97,0,1866,2020-04-12 23:18:00,37.66597114470001,-85.2176832617
Louisiana,20595,840,0,19755,2020-04-12 23:18:00,31.092427383437492,-91.82418665609377
Maine,633,19,0,614,2020-04-12 23:18:00,44.61097492533334,-69.53961838333335
Maryland,8225,236,0,7989,2020-04-12 23:18:00,39.014920690416666,-76.67546760874998
Massachusetts,25475,756,0,24719,2020-04-12 23:18:00,42.17639998153847,-71.57704993461539
Michigan,24244,1479,0,22765,2020-04-12 23:18:00,43.882838371558435,-85.07200132662341
Minnesota,1621,70,0,1551,2020-04-12 23:18:00,45.22639825099999,-94.36361760671427
Mississippi,2781,96,0,2685,2020-04-12 23:18:00,32.79355882555555,-89.62932823901235
Missouri,4269,118,0,4151,2020-04-12 23:18:00,38.383756160989016,-92.4630348113187
Montana,387,6,0,381,2020-04-12 23:18:00,46.79729865714286,-111.04301910714287
Nebraska,791,17,0,774,2020-04-12 23:18:00,41.27604913413044,-98.26317914608698
Nevada,2836,112,0,2724,2020-04-12 23:18:00,39.164507887,-117.29483662
New Hampshire,929,23,0,906,2020-04-12 23:18:00,43.478972876,-71.57765670500001
New Jersey,61850,2350,0,59500,2020-04-12 23:18:00,40.286440910952386,-74.62244971476191
New Mexico,1245,26,0,1219,2020-04-12 23:18:00,34.423810930370365,-106.13469163703702
New York,189033,9385,0,179648,2020-04-12 23:18:00,42.67159317862068,-75.57969394672415
North Carolina,4570,89,0,4481,2020-04-12 23:18:00,35.61003701000002,-79.4278448830435
North Dakota,308,7,0,301,2020-04-12 23:18:00,47.3639080734375,-100.5815579878125
Northern Mariana Islands,11,2,0,9,2020-04-12 23:18:00,15.0979,145.6739
Ohio,6604,253,0,6351,2020-04-12 23:18:00,40.32317498337212,-82.85979156674419
Oklahoma,1970,96,0,1874,2020-04-12 23:18:00,35.495578035967746,-97.02409094693547
Oregon,1527,52,0,1475,2020-04-12 23:18:00,44.595167436206886,-121.74729894137933
Pennsylvania,22938,557,0,22381,2020-04-12 23:18:00,40.81807835477611,-77.61531783850747
Puerto Rico,897,44,0,853,2020-04-12 23:18:00,18.2208,-66.5901
Recovered,0,0,32988,-32988,2020-04-12 23:18:00,,
Rhode Island,2665,63,0,2602,2020-04-12 23:18:00,41.655142106,-71.464105098
South Carolina,3320,82,0,3238,2020-04-12 23:18:00,33.957472131086966,-80.9833996921739
South Dakota,730,6,0,724,2020-04-12 23:18:00,44.16153039365853,-98.85620711682925
Tennessee,5508,106,0,5402,2020-04-12 23:18:00,35.87796430712765,-86.11969203106382
Texas,13677,283,0,13394,2020-04-12 23:18:00,31.44890598177778,-97.99286158194445
Utah,2303,18,0,2285,2020-04-12 23:18:00,39.68062665052632,-111.49454546842107
Vermont,727,27,0,700,2020-04-12 23:18:00,44.159495798571434,-72.68438070571429
Virgin Islands,51,1,0,50,2020-04-12 23:18:00,18.3358,-64.8963
Virginia,5274,141,0,5133,2020-04-12 23:18:00,37.56615032526316,-78.51371173503755
Washington,10609,506,0,10103,2020-04-12 23:18:00,47.254886719999995,-120.80274192105267
West Virginia,593,6,0,587,2020-04-12 23:18:00,38.85055024755555,-80.562360162
Wisconsin,3341,144,0,3197,2020-04-12 23:18:00,44.309621246406266,-89.73964745296874
Wyoming,270,0,0,270,2020-04-12 23:18:00,43.05267066863637,-107.27077648181817
