Province_State,Confirmed,Deaths,Recovered,Active,Last_Update,Lat,Long
Alabama,485986,9590,0,476396,2021-02-21 05:24:33,32.88428035358209,-86.71012237686571
Alaska,57393,289,0,57104,2021-02-21 05:24:33,60.31731041928572,-148.47956602142858
Arizona,806163,15480,0,790683,2021-02-21 05:24:33,33.675903642,-111.46323212666667
Arkansas,315230,5348,0,309882,2021-02-21 05:24:33,34.911889390266666,-92.43397826839998
California,3526474,49069,0,3477405,2021-02-21 05:24:33,37.84396164603449,-120.72859416379308
Colorado,419812,5887,0,413925,2021-02-21 05:24:33,38.935474467656235,-105.48623995937497
Connecticut,273101,7523,0,265578,2021-02-21 05:24:33,41.61368014,-72.65682967875
Delaware,84531,1366,0,83165,2021-02-21 05:24:33,39.10927682333334,-75.53323745666665
Diamond Princess,49,0,0,49,2020-08-04 02:27:56,,
District of Columbia,39553,994,0,38559,2021-02-21 05:24:33,38.90417773,-77.01655992
Florida,1863707,29813,0,1833894,2021-02-21 05:24:33,28.94075487910448,-82.70074390925375
Georgia,983747,16742,0,967005,2021-02-21 05:24:33,32.80853214484278,-83.57742992610066
Grand Princess,103,3,0,100,2020-08-04 02:27:56,,
Guam,7715,130,0,7585,2021-02-21 05:24:33,13.4443,144.7937
Hawaii,27297,429,0,26868,2021-02-21 05:24:33,20.99064747,-157.41445579999998
Idaho,169150,1826,0,167324,2021-02-21 05:24:33,44.2634012584091,-114.46012491818179
Illinois,1172736,22426,0,1150310,2021-02-21 05:24:33,39.84361770127451,-89.17833006960784
Indiana,654660,12336,0,642324,2021-02-21 05:24:33,39.83735316565217,-86.21856844913039
Iowa,359344,5336,0,354008,2021-02-21 05:24:33,42.02991002353537,-93.46551942343434
Kansas,293215,4573,0,288642,2021-02-21 05:24:33,38.485378896857135,-98.08455153209523
Kentucky,396018,4426,0,391592,2021-02-21 05:24:33,37.62214385000001,-85.19989061799998
Louisiana,422287,9440,0,412847,2021-02-21 05:24:33,31.092427383437492,-91.82418665609377
Maine,43367,658,0,42709,2021-02-21 05:24:33,44.68768840625,-69.523768628125
Maryland,375737,7697,0,368040,2021-02-21 05:24:33,39.014920690416666,-76.67546760874998
Massachusetts,567764,15779,0,551985,2021-02-21 05:24:33,42.17639998153847,-71.57704993461539
Michigan,636269,16342,0,619927,2021-02-21 05:24:33,44.04362008975902,-85.18169553542172
Minnesota,478157,6491,0,471666,2021-02-21 05:24:33,45.55201297954022,-94.43095302689653
Mississippi,290242,6553,0,283689,2021-02-21 05:24:33,32.792726566585365,-89.64572580048781
Missouri,491070,8059,0,483011,2021-02-21 05:24:33,38.456764881637945,-92.4994868846552
Montana,98641,1341,0,97300,2021-02-21 05:24:33,46.97469113196428,-109.70039488214287
Nebraska,198751,2047,0,196704,2021-02-21 05:24:33,41.321794947204275,-99.03901222387097
Nevada,290671,4868,0,285803,2021-02-21 05:24:33,39.25599674470589,-117.5639935352941
New Hampshire,73161,1153,0,72008,2021-02-21 05:24:33,43.478972876,-71.57765670500001
New Jersey,764375,22834,0,741541,2021-02-21 05:24:33,40.286440910952386,-74.62244971476191
New Mexico,182475,3610,0,178865,2021-02-21 05:24:33,34.54935897878787,-105.88710740909092
New York,1585435,46703,0,1538732,2021-02-21 05:24:33,42.5441513332258,-75.47418330774194
North Carolina,840096,10896,0,829200,2021-02-21 05:24:33,35.62420971000002,-79.50109873960002
North Dakota,99228,1467,0,97761,2021-02-21 05:24:33,47.39350672792453,-100.2493934356604
Northern Mariana Islands,143,2,0,141,2021-02-21 05:24:33,15.0979,145.6739
Ohio,952306,16749,0,935557,2021-02-21 05:24:33,40.310669812954565,-82.83540800659091
Oklahoma,418318,4155,0,414163,2021-02-21 05:24:33,35.50191442597403,-97.2513995677922
Oregon,152711,2154,0,150557,2021-02-21 05:24:33,44.49240067472221,-121.47691959722222
Pennsylvania,913912,23540,0,890372,2021-02-21 05:24:33,40.81807835477611,-77.61531783850747
Puerto Rico,98835,1957,0,96878,2021-02-21 05:24:33,18.240118884615384,-66.40498556410255
Recovered,0,0,0,0,2021-02-21 05:24:33,,
Rhode Island,123145,2376,0,120769,2021-02-21 05:24:33,41.655142106,-71.464105098
South Carolina,501277,8256,0,493021,2021-02-21 05:24:33,33.957472131086966,-80.9833996921739
South Dakota,111165,1859,0,109306,2021-02-21 05:24:33,44.27269492727272,-99.31063618348485
Tennessee,764008,11115,0,752893,2021-02-21 05:24:33,35.88510221221052,-86.10872298863156
Texas,2593816,42041,0,2551775,2021-02-21 05:24:33,31.660643442283458,-98.65306860334638
Utah,366034,1842,0,364192,2021-02-21 05:24:33,40.014400114615384,-111.46087804615384
Vermont,14359,196,0,14163,2021-02-21 05:24:33,44.159495798571434,-72.68438070571429
Virgin Islands,2575,25,0,2550,2021-02-21 05:24:33,18.3358,-64.8963
Virginia,561812,7197,0,554615,2021-02-21 05:24:33,37.56615032526316,-78.51371173503755
Washington,333794,4822,0,328972,2021-02-21 05:24:33,47.23378642,-120.71922041538465
West Virginia,129364,2254,0,127110,2021-02-21 05:24:33,38.81425370672727,-80.6174545132727
Wisconsin,611789,6871,0,604918,2021-02-21 05:24:33,44.395143494861124,-89.79797998097222
Wyoming,53683,662,0,53021,2021-02-21 05:24:33,43.086885505217396,-107.15324220434782
